123 1024
83445 422 279 1217 6 82 11914 5829 279 2218 3492 12722 13 271 27 5775 62 1178 29 198 1800 65056 198 524 5775 62 1178 29 271 27 5775 62 18881 29 198 8238 264 6671 2753 15748 198 524 5775 62 18881 29 271 27 882 62 52989 29 198 791 3109 11798 502 18197 46616 311 50460 279 5674 9057 555 8987 62555 13 198 524 882 62 52989 29 198 198 20912 40961 369 220 6 20489 287 1232 198 16 13 4343 279 3744 315 39841 13 198 17 13 4343 279 14582 37333 13 198 18 13 7557 264 1620 19971 13 198 198 61524 459 9193 11944 11 3094 12 1729 12 9710 33811 13
5810 596
596 1268
1268 358
358 1053
1053 15806
15806 279
279 1217
1217 596
596 11914
11914 1473
1473 8468
8468 220
220 16
16 25
25 4343
4343 279
279 3744
3744 315
315 39841
39841 627
627 791
791 2218
2218 3492
3492 374
374 364
364 1800
1800 65056
65056 4527
4527 10771
10771 311
311 279
279 11240
11240 11
11 364
364 1800
1800 65056
65056 6
6 374
374 264
264 19120
19120 13
13 763
763 279
279 1217
1217 596
596 11914
11914 11
11 364
364 1800
1800 65056
65056 6
6 374
374 13118
13118 264
264 19120
19120 11
11 439
439 433
433 374
374 1511
1511 304
304 279
279 17571
17571 364
364 998
998 50460
50460 279
279 5674
5674 9057
9057 555
555 8987
8987 62555
62555 4527
4527 578
578 19120
19120 374
374 304
304 279
279 82226
82226 535
535 1376
1376 11
11 19392
19392 430
430 433
433 374
374 1511
1511 311
311 7664
7664 459
459 1957
1957 430
430 374
374 10825
10825 311
311 8108
8108 279
279 31020
31020 315
315 279
279 5674
5674 382
382 8468
8468 220
220 17
17 25
25 4343
4343 279
279 14582
14582 37333
37333 627
627 791
791 2218
2218 3492
3492 364
364 1800
1800 65056
65056 6
6 3445
3445 364
364 998
998 1304
1304 264
264 6671
6671 2753
2753 15748
15748 4527
4527 763
763 279
279 1217
1217 596
596 11914
11914 11
11 364
364 1800
1800 65056
65056 6
6 374
374 1511
1511 311
311 7664
7664 279
279 1957
1957 315
315 18189
18189 279
279 5674
5674 9057
9057 555
555 8987
8987 62555
62555 13
13 578
578 11914
11914 24897
24897 430
430 279
279 3109
3109 596
596 502
502 18197
18197 46616
46616 527
527 10825
10825 311
311 8108
8108 279
279 31020
31020 315
315 279
279 5674
5674 11
11 902
902 374
374 304
304 1584
1584 449
449 279
279 7419
7419 315
315 364
364 1800
1800 65056
65056 4527
4527 578
578 11914
11914 1101
1101 24897
24897 430
430 279
279 5674
5674 574
574 15748
15748 11
11 902
902 374
374 13263
13263 449
449 279
279 4623
4623 315
315 36090
36090 1113
1113 279
279 5674
5674 382
382 8468
8468 220
220 18
18 25
25 7557
7557 264
264 1620
1620 19971
19971 627
627 29815
29815 389
389 279
279 6492
6492 11
11 358
358 32194
32194 430
430 279
279 1217
1217 596
596 11914
11914 5829
5829 279
279 2218
2218 3492
3492 364
364 1800
1800 65056
65056 6
6 12722
12722 13
13 578
578 11914
11914 30357
30357 27053
27053 279
279 7438
7438 315
315 364
364 1800
1800 65056
65056 518
518 1701
1701 279
279 19120
19120 304
304 264
264 1648
1648 430
430 374
374 13263
13263 449
449 1202
1202 7419
7419 13
13 578
578 11914
11914 1101
1101 32216
32216 459
459 8830
8830 315
315 279
279 7434
7434 315
315 36090
36090 1113
1113 5674
5674 11
11 439
439 433
433 24897
24897 430
430 279
279 3109
3109 596
596 6299
6299 527
527 10825
10825 311
311 8108
8108 279
279 31020
31020 315
315 279
279 5674
5674 382
382 44534
44534 512
512 791
791 1217
1217 596
596 11914
11914 5829
5829 279
279 2218
2218 3492
3492 364
364 1800
1800 65056
65056 6
6 12722
12722 13
13 578
578 11914
11914 30357
30357 27053
27053 279
279 7438
7438 315
315 364
364 1800
1800 65056
65056 518
518 1701
1701 279
279 19120
19120 304
304 264
264 1648
1648 430
430 374
374 13263
13263 449
449 1202
1202 7419
7419 13
13 578
578 11914
11914 32216
32216 459
459 8830
8830 315
315 279
279 7434
7434 315
315 36090
36090 1113
1113 5674
5674 11
11 439
439 433
433 24897
24897 430
430 279
279 3109
3109 596
596 6299
6299 527
527 10825
10825 311
311 8108
8108 279
279 31020
31020 315
315 279
279 5674
5674 13
13 15636
15636 11
11 358
358 1053
1053 3041
3041 279
279 1217
1217 596
596 11914
11914 264
264 5573
5573 315
315 220
220 16
16 11
11 19392
19392 430
430 433
433 5829
5829 279
279 2218
2218 3492
3492 12722
12722 13
13 128009
128009 128006
128006 78191
78191 271
271 40
40 2846
2846 25408
25408 555
555 279
279 2237
2237 315
315 7872
7872 323
323 6492
6492 499
499 3984
3984 304
304 701
701 33811
33811 13
13 4718
4718 3094
3094 14656
14656 30308
30308 5603
5603 374
374 2867
2867 323
323 4228
4228 311
311 1833
1833 11
11 323
323 499
499 13750
13750 1464
1464 1523
1523 279
279 16865
16865 1920
1920 1139
1139 2380
2380 71128
71128 5596
5596 382
382 7927
7927 6492
6492 315
315 279
279 1217
1217 596
596 11914
11914 374
374 17879
17879 323
323 13687
13687 13
13 1472
1472 12722
12722 10765
10765 279
279 961
961 315
315 8982
8982 315
315 279
279 2218
2218 3492
3492 11
11 330
330 1800
1800 65056
65056 1359
1359 323
323 10356
10356 430
430 433
433 374
374 1511
1511 439
439 264
264 19120
19120 304
304 279
279 11914
11914 13
13 1472
1472 1101
1101 30357
30357 8720
8720 279
279 53794
53794 315
315 279
279 11914
11914 11
11 27401
27401 430
430 433
433 24897
24897 279
279 3109
3109 596
596 6299
6299 527
527 10825
10825 311
311 8108
8108 279
279 31020
31020 315
315 279
279 5674
5674 382
382 7927
7927 17102
17102 374
374 1664
1664 88213
88213 555
555 701
701 6492
6492 11
11 323
323 499
499 3493
3493 264
264 2867
2867 323
323 64694
64694 12399
12399 315
315 701
701 14955
14955 13
13 1472
1472 1101
1101 3493
3493 264
264 5573
5573 315
315 220
220 16
16 11
11 19392
19392 430
430 279
279 1217
1217 596
596 11914
11914 5829
5829 279
279 2218
2218 3492
3492 12722
12722 382
382 28589
28589 11
11 701
701 16865
16865 374
374 1664
1664 67383
67383 11
11 2867
2867 11
11 323
323 7524
7524 13
13 1472
1472 20461
20461 264
264 3831
3831 8830
8830 315
315 279
279 2218
2218 3492
3492 323
323 1202
1202 7419
7419 11
11 439
439 1664
1664 439
439 279
279 5845
5845 311
311 24564
24564 264
264 11914
11914 323
323 15806
15806 1202
1202 1005
1005 315
315 279
279 2218
2218 3492
3492 13
13 128009
128009 128006
128006 78191
78191 271
271 13359
13359 499
499 369
369 701
701 3169
3169 4339
4339 0
0 358
358 2846
2846 16089
16089 311
311 6865
6865 430
430 856
856 16865
16865 574
574 2867
2867 323
323 7524
7524 13
13 358
358 6818
6818 311
311 1464
1464 1523
1523 279
279 16865
16865 1920
1920 1139
1139 9333
9333 11
11 71128
71128 5596
5596 311
311 1304
1304 433
433 8831
8831 311
311 1833
1833 323
323 3619
3619 13
13 358
358 1101
1101 6818
6818 311
311 3493
3493 264
264 17879
17879 6492
6492 315
315 279
279 1217
1217 596
596 11914
11914 11
11 39686
39686 279
279 1401
1401 3585
3585 430
430 7396
7396 856
856 17102
17102 382
382 40
40 1781
1781 433
433 596
596 3062
3062 311
311 3493
3493 264
264 2867
2867 323
323 64694
64694 16865
16865 11
11 439
439 433
433 8779
8779 311
311 6106
6106 430
430 279
279 1217
1217 31869
31869 1268
1268 872
872 11914
11914 574
574 26126
26126 323
323 1148
1148 814
814 649
649 656
656 311
311 7417
7417 872
872 4477
4477 13
13 3296
3296 8405
8405 264
264 11944
11944 6492
6492 11
11 358
358 3987
3987 311
311 1520
1520 3932
3932 4048
4048 810
810 922
922 279
279 2218
2218 3492
3492 323
323 1268
1268 311
311 1005
1005 433
433 12722
12722 304
304 872
872 4477
4477 382
382 2746
2746 499
499 617
617 904
904 11302
11302 477
477 18726
18726 389
389 1268
1268 358
358 649
649 7417
7417 856
856 56181
56181 11
11 4587
4587 1095
1095 757
757 1440
1440 0
0 358
358 2846
2846 2744
2744 3411
3411 369
369 5627
5627 311
311 7417
7417 323
323 3493
3493 810
810 7524
7524 11302
11302 311
311 3932
3932 13
13 128009
128009 128006
128006 78191
78191 271
271 40
40 1781
1781 499
499 2351
2351 3815
3815 264
264 2294
2294 2683
2683 0
0 4718
4718 56181
56181 527
527 17879
17879 11
11 2867
2867 11
11 323
323 4228
4228 311
311 1833
1833 13
13 1472
1472 2351
2351 8405
8405 264
264 15525
15525 2532
2532 555
555 10695
10695 3932
3932 7417
7417 872
872 4477
4477 7512
7512 323
323 3619
3619 279
279 84889
84889 315
315 4221
4221 382
382 4054
4054 24710
24710 358
358 2643
2643 1304
1304 374
374 311
311 2980
2980 8405
8405 810
810 10507
10507 477
477 45543
45543 311
311 1862
1862 701
701 6492
6492 13
13 1789
1789 3187
3187 11
11 499
499 1436
1436 3493
3493 5217
5217 23719
23719 430
430 1005
1005 279
279 2218
2218 3492
3492 12722
12722 477
477 44447
44447 11
11 323
323 1243
1243 10552
10552 3249
3249 832
832 374
374 2731
2731 1109
1109 279
279 1023
1023 13
13 1115
1115 1436
1436 1520
1520 3932
3932 2731
2731 3619
3619 279
279 2218
2218 3492
3492 323
323 1268
1268 311
311 1005
1005 433
433 304
304 2204
2204 38697
38697 382
382 14364
14364 24710
24710 358
358 2643
2643 1304
1304 374
374 311
311 2980
2980 8405
8405 810
810 11302
11302 389
389 279
279 1217
1217 596
596 4477
4477 1742
1742 477
477 16630
16630 13
13 6104
6104 499
499 2351
2351 3815
3815 264
264 2294
2294 2683
2683 315
315 38663
38663 279
279 1217
1217 596
596 1005
1005 315
315 279
279 2218
2218 3492
3492 11
11 499
499 2643
2643 1101
1101 2980
2980 8405
8405 11302
11302 389
389 1023
1023 13878
13878 315
315 872
872 4477
4477 11
11 1778
1778 439
439 872
872 11914
11914 6070
6070 11
11 36018
36018 11
11 477
477 8244
8244 16630
16630 13
13 1115
1115 1436
1436 1520
1520 3932
3932 2274
2274 264
264 810
810 1664
1664 65318
65318 4477
4477 1742
1742 323
323 7417
7417 872
872 8244
8244 4477
4477 7512
7512 382
382 28589
28589 11
11 3582
3582 11
11 358
358 1781
1781 499
499 2351
2351 3815
3815 264
264 2294
2294 2683
2683 11
11 323
323 358
358 2846
2846 6380
6380 311
311 1518
1518 499
499 2351
2351 4737
4737 279
279 892
892 311
311 3493
3493 1778
1778 17879
17879 323
323 43766
43766 56181
56181 0
0 128009
128009 128006
128006 78191
78191 271
271 13359
13359 499
499 369
369 701
701 11302
11302 0
0 358
358 2846
2846 16089
16089 311
311 6865
6865 430
430 499
499 1781
1781 358
358 2846
2846 3815
3815 264
264 1695
1695 2683
2683 11
11 323
323 358
358 15763
15763 701
701 18726
18726 369
369 16048
16048 382
382 40
40 1093
1093 701
701 4623
4623 315
315 8405
8405 810
810 10507
10507 477
477 45543
45543 311
311 1862
